sipm0, sipm1, sipm2, sipm3, sipm4
29.3125, 31.25, 31.125, 28.25
29.5, 31.5, 31.375, 28.6875
29.6875, 31.75, 31.6875, 29.0625
29.8125, 32.0, 31.9375, 29.4375
30.0, 32.1875, 32.0625, 29.75
30.1875, 32.3125, 32.25, 30.0625
30.25, 32.5, 32.4375, 30.3125
30.4375, 32.625, 32.5625, 30.5
30.5, 32.75, 32.6875, 30.75
30.5625, 32.875, 32.8125, 31.0
30.6875, 32.9375, 32.9375, 31.125
30.75, 33.0625, 33.0, 31.3125
30.8125, 33.125, 33.125, 31.5
30.875, 33.1875, 33.25, 31.625
30.9375, 33.3125, 33.3125, 31.8125
31.0, 33.375, 33.375, 31.9375
31.0, 33.4375, 33.5, 32.0
31.0625, 33.5, 33.5625, 32.0625
31.125, 33.5625, 33.625, 32.25
31.1875, 33.625, 33.6875, 32.3125
31.1875, 33.625, 33.6875, 32.5
31.1875, 33.75, 33.75, 32.5625
31.3125, 33.75, 33.8125, 32.625
31.3125, 33.8125, 33.875, 32.75
31.3125, 33.875, 33.9375, 32.8125
31.375, 33.9375, 33.9375, 32.8125
31.375, 33.9375, 34.0, 32.9375
31.375, 34.0, 34.0625, 32.9375
31.4375, 34.0, 34.0625, 33.0625
31.5, 34.0625, 34.0625, 33.125
31.5, 34.0625, 34.1875, 33.1875
31.5, 34.125, 34.125, 33.25
31.5625, 34.125, 34.1875, 33.3125
31.5625, 34.125, 34.25, 33.3125
31.5625, 34.125, 34.25, 33.375
31.5625, 34.1875, 34.3125, 33.375
31.5625, 34.1875, 34.3125, 33.4375
31.625, 34.25, 34.3125, 33.4375
31.625, 34.25, 34.3125, 33.5
31.625, 34.25, 34.3125, 33.5625
31.6875, 34.25, 34.375, 33.5625
31.6875, 34.3125, 34.4375, 33.625
31.625, 34.3125, 34.4375, 33.625
31.6875, 34.3125, 34.375, 33.6875
31.75, 34.3125, 34.4375, 33.6875
31.6875, 34.3125, 34.4375, 33.75
31.75, 34.375, 34.5, 33.8125
31.75, 34.375, 34.4375, 33.8125
31.75, 34.375, 34.5, 33.875
31.75, 34.4375, 34.5625, 33.875
31.8125, 34.375, 34.5625, 33.875
31.8125, 34.4375, 34.5625, 33.9375
31.8125, 34.4375, 34.5625, 33.9375
31.8125, 34.5, 34.5625, 34.0
31.8125, 34.5, 34.625, 34.0
31.8125, 34.5, 34.625, 34.0
31.875, 34.5625, 34.6875, 34.0
31.875, 34.5, 34.6875, 34.0625
31.875, 34.5, 34.75, 34.0625
31.875, 34.5625, 34.75, 34.0625
31.875, 34.5625, 34.75, 34.0625
31.875, 34.5625, 34.75, 34.125
31.875, 34.625, 34.75, 34.0625
31.875, 34.5625, 34.75, 34.125
31.875, 34.625, 34.75, 34.1875
31.875, 34.5625, 34.8125, 34.1875
31.875, 34.625, 34.8125, 34.1875
31.9375, 34.625, 34.75, 34.1875
31.9375, 34.625, 34.75, 34.1875
31.9375, 34.625, 34.75, 34.1875
31.9375, 34.625, 34.8125, 34.25
31.9375, 34.6875, 34.75, 34.25
31.9375, 34.625, 34.75, 34.25
32.0, 34.625, 34.8125, 34.25
32.0, 34.625, 34.8125, 34.3125
32.0, 34.625, 34.8125, 34.3125
31.9375, 34.6875, 34.875, 34.3125
32.0, 34.6875, 34.8125, 34.3125
32.0, 34.6875, 34.875, 34.375
32.0, 34.6875, 34.875, 34.375
32.0, 34.6875, 34.9375, 34.375
32.0625, 34.6875, 34.875, 34.375
32.0, 34.6875, 34.9375, 34.4375
32.0, 34.75, 34.9375, 34.4375
32.0625, 34.75, 34.9375, 34.4375
32.0625, 34.75, 34.9375, 34.4375
32.0, 34.75, 34.9375, 34.4375
32.0625, 34.75, 34.9375, 34.4375
32.0625, 34.75, 34.9375, 34.5
32.0625, 34.75, 34.9375, 34.5
32.0625, 34.75, 34.9375, 34.5
32.0625, 34.8125, 34.9375, 34.5
32.0625, 34.8125, 34.9375, 34.5
32.0625, 34.75, 34.9375, 34.5625
32.0625, 34.8125, 35.0, 34.5
32.0625, 34.8125, 35.0, 34.5
32.0625, 34.8125, 35.0, 34.5
32.0625, 34.8125, 35.0, 34.5625
32.0625, 34.8125, 35.0, 34.5625
32.0625, 34.8125, 35.0, 34.5625
32.0625, 34.875, 35.0, 34.5625
32.125, 34.875, 35.0, 34.5625
32.125, 34.8125, 35.0, 34.5625
32.125, 34.875, 35.0625, 34.5625
32.125, 34.875, 35.0625, 34.5625
32.0625, 34.875, 35.0625, 34.5625
32.0625, 34.875, 35.0625, 34.5625
32.125, 34.875, 35.0625, 34.625
32.125, 34.875, 35.125, 34.625
32.125, 34.875, 35.125, 34.625
32.125, 34.9375, 35.125, 34.625
32.125, 34.9375, 35.125, 34.625
32.125, 34.9375, 35.125, 34.625
32.125, 34.875, 35.0625, 34.625
32.125, 34.875, 35.125, 34.625
32.125, 34.9375, 35.125, 34.625
32.125, 34.9375, 35.0625, 34.6875
32.125, 34.875, 35.0625, 34.6875
32.125, 34.9375, 35.0625, 34.6875
32.1875, 34.9375, 35.0625, 34.6875
32.1875, 34.9375, 35.125, 34.6875
32.125, 34.9375, 35.125, 34.6875
32.1875, 34.9375, 35.125, 34.75
32.1875, 34.9375, 35.125, 34.75
32.1875, 34.9375, 35.125, 34.6875
32.1875, 35.0, 35.125, 34.6875
32.1875, 34.875, 35.125, 34.6875
32.1875, 34.9375, 35.125, 34.6875
32.1875, 34.9375, 35.125, 34.6875
32.1875, 34.9375, 35.125, 34.75
32.1875, 34.9375, 35.125, 34.75
32.1875, 35.0, 35.1875, 34.75
32.1875, 34.9375, 35.1875, 34.75
32.25, 34.9375, 35.1875, 34.75
32.1875, 34.9375, 35.1875, 34.75
32.1875, 34.9375, 35.1875, 34.75
32.1875, 34.9375, 35.1875, 34.75
32.25, 35.0, 35.1875, 34.75
32.25, 35.0, 35.1875, 34.75
32.1875, 35.0, 35.1875, 34.75
32.25, 35.0, 35.25, 34.75
32.1875, 35.0, 35.1875, 34.75
32.25, 35.0, 35.25, 34.75
32.25, 35.0625, 35.25, 34.8125
32.1875, 35.0625, 35.25, 34.8125
32.25, 35.0, 35.25, 34.8125
32.25, 35.0625, 35.25, 34.8125
32.25, 35.0, 35.25, 34.8125
32.25, 35.0, 35.25, 34.8125
32.25, 35.0625, 35.25, 34.8125
32.25, 35.0625, 35.25, 34.8125
32.25, 35.0625, 35.1875, 34.8125
32.25, 35.0, 35.25, 34.8125
32.25, 35.0, 35.1875, 34.875
32.25, 35.0625, 35.1875, 34.875
32.25, 35.0625, 35.25, 34.875
32.3125, 35.0625, 35.1875, 34.8125
32.25, 35.0625, 35.1875, 34.875
32.25, 35.0625, 35.1875, 34.875
32.3125, 35.0625, 35.25, 34.875
32.25, 35.0625, 35.25, 34.875
32.25, 35.0625, 35.25, 34.875
32.3125, 35.125, 35.25, 34.875
32.3125, 35.0625, 35.25, 34.875
32.25, 35.0625, 35.3125, 34.875
32.3125, 35.0625, 35.25, 34.8125
32.3125, 35.125, 35.3125, 34.875
32.3125, 35.125, 35.3125, 34.875
32.25, 35.125, 35.3125, 34.875
32.3125, 35.125, 35.3125, 34.875
32.3125, 35.125, 35.375, 34.9375
32.3125, 35.125, 35.375, 34.9375
32.3125, 35.125, 35.3125, 34.9375
32.3125, 35.125, 35.3125, 34.875
32.375, 35.125, 35.3125, 34.875
32.3125, 35.125, 35.3125, 34.9375
32.3125, 35.125, 35.3125, 34.9375
32.3125, 35.125, 35.3125, 34.9375
32.3125, 35.125, 35.25, 34.9375
32.3125, 35.125, 35.3125, 34.9375
32.3125, 35.125, 35.3125, 34.9375
32.3125, 35.1875, 35.375, 34.9375
32.3125, 35.125, 35.375, 34.9375
32.375, 35.125, 35.375, 34.9375
32.3125, 35.125, 35.375, 35.0
32.3125, 35.125, 35.3125, 34.9375
32.3125, 35.125, 35.375, 34.9375
32.3125, 35.125, 35.375, 34.9375
32.3125, 35.125, 35.3125, 34.9375
32.3125, 35.125, 35.3125, 34.9375
32.3125, 35.1875, 35.375, 34.9375
32.375, 35.1875, 35.375, 34.9375
32.3125, 35.125, 35.4375, 34.9375
32.3125, 35.125, 35.3125, 34.9375
32.375, 35.125, 35.375, 34.9375
32.375, 35.1875, 35.375, 35.0
32.3125, 35.1875, 35.375, 34.9375
32.375, 35.1875, 35.3125, 34.9375
32.375, 35.1875, 35.3125, 34.9375
32.375, 35.1875, 35.375, 35.0
32.375, 35.1875, 35.375, 35.0
32.375, 35.1875, 35.375, 35.0
32.3125, 35.1875, 35.375, 35.0
32.375, 35.1875, 35.4375, 35.0
32.375, 35.1875, 35.375, 35.0
32.375, 35.1875, 35.375, 35.0
32.375, 35.125, 35.375, 35.0
32.375, 35.1875, 35.3125, 35.0
32.375, 35.1875, 35.375, 35.0
32.375, 35.1875, 35.375, 35.0
32.375, 35.1875, 35.3125, 35.0
32.375, 35.1875, 35.3125, 35.0
32.375, 35.1875, 35.3125, 35.0
32.375, 35.1875, 35.3125, 35.0
32.375, 35.1875, 35.375, 35.0625
32.375, 35.1875, 35.375, 35.0625
32.375, 35.1875, 35.375, 35.0
32.375, 35.1875, 35.375, 35.0
32.375, 35.1875, 35.375, 35.0
32.375, 35.1875, 35.375, 35.0
32.375, 35.1875, 35.375, 35.0
32.375, 35.1875, 35.4375, 35.0
32.375, 35.1875, 35.375, 35.0625
32.375, 35.1875, 35.375, 35.0
32.375, 35.1875, 35.375, 35.0
32.375, 35.1875, 35.4375, 35.0
32.375, 35.25, 35.4375, 35.0625
32.375, 35.1875, 35.375, 35.0
32.375, 35.25, 35.4375, 35.0
32.375, 35.1875, 35.375, 35.0
32.375, 35.1875, 35.375, 35.0625
32.4375, 35.1875, 35.4375, 35.0625
32.375, 35.25, 35.4375, 35.0625
32.375, 35.25, 35.4375, 35.0625
32.375, 35.25, 35.5, 35.0
32.375, 35.1875, 35.4375, 35.0
32.4375, 35.1875, 35.375, 35.0625
32.375, 35.1875, 35.375, 35.0625
32.375, 35.1875, 35.375, 35.0625
32.375, 35.25, 35.375, 35.0625
32.4375, 35.1875, 35.375, 35.0625
32.4375, 35.25, 35.4375, 35.0625
32.4375, 35.25, 35.4375, 35.0625
32.4375, 35.25, 35.4375, 35.0625
32.4375, 35.25, 35.375, 35.0625
32.375, 35.25, 35.4375, 35.0625
32.4375, 35.25, 35.4375, 35.0625
32.4375, 35.1875, 35.4375, 35.0625
32.4375, 35.25, 35.4375, 35.0625
32.4375, 35.1875, 35.375, 35.125
32.375, 35.25, 35.375, 35.125
32.4375, 35.25, 35.4375, 35.0625
32.4375, 35.25, 35.4375, 35.0625
32.375, 35.3125, 35.4375, 35.0625
32.4375, 35.3125, 35.5, 35.125
32.4375, 35.3125, 35.4375, 35.125
32.4375, 35.3125, 35.4375, 35.0625
32.5, 35.3125, 35.5, 35.125
32.4375, 35.3125, 35.5, 35.0625
32.4375, 35.25, 35.5, 35.0625
32.4375, 35.3125, 35.5, 35.0625
32.4375, 35.3125, 35.5, 35.0625
32.4375, 35.3125, 35.5, 35.0625
32.375, 35.3125, 35.5, 35.0625
32.4375, 35.3125, 35.5625, 35.0625
32.4375, 35.3125, 35.5, 35.0625
32.4375, 35.25, 35.5, 35.0625
32.4375, 35.3125, 35.5, 35.0625
32.4375, 35.3125, 35.5, 35.0625
32.4375, 35.25, 35.5, 35.125
32.4375, 35.3125, 35.5, 35.125
32.4375, 35.3125, 35.5, 35.0625
32.4375, 35.3125, 35.5, 35.125
32.4375, 35.3125, 35.5, 35.0625
32.4375, 35.3125, 35.5, 35.125
32.4375, 35.3125, 35.5, 35.0625
32.4375, 35.3125, 35.5, 35.0625
32.4375, 35.3125, 35.5, 35.125
32.4375, 35.3125, 35.5, 35.125
32.4375, 35.3125, 35.5, 35.125
32.4375, 35.3125, 35.5, 35.125
32.5, 35.3125, 35.5625, 35.125
32.5, 35.375, 35.5, 35.125
32.5, 35.3125, 35.5, 35.125
32.5, 35.375, 35.5625, 35.125
32.4375, 35.3125, 35.5, 35.125
32.4375, 35.375, 35.5, 35.125
32.4375, 35.3125, 35.5625, 35.125
32.5, 35.3125, 35.5, 35.125
32.4375, 35.375, 35.5625, 35.125
32.4375, 35.3125, 35.5, 35.125
32.4375, 35.3125, 35.5, 35.125
32.5, 35.3125, 35.5, 35.125
32.4375, 35.3125, 35.5625, 35.125
32.4375, 35.375, 35.5, 35.125
32.4375, 35.3125, 35.5, 35.125
32.4375, 35.3125, 35.5, 35.125
32.4375, 35.3125, 35.5, 35.125
32.5, 35.3125, 35.5, 35.125
32.4375, 35.3125, 35.5, 35.125
32.4375, 35.3125, 35.5, 35.125
32.4375, 35.3125, 35.5, 35.125
32.4375, 35.3125, 35.5, 35.125
32.5, 35.3125, 35.5, 35.125
32.4375, 35.3125, 35.5, 35.125
32.4375, 35.375, 35.5, 35.1875
32.5, 35.3125, 35.5625, 35.1875
32.4375, 35.375, 35.5625, 35.125
32.4375, 35.375, 35.5625, 35.125
32.4375, 35.375, 35.5625, 35.125
32.4375, 35.375, 35.5625, 35.125
32.4375, 35.375, 35.5625, 35.125
32.4375, 35.375, 35.5, 35.125
32.4375, 35.375, 35.5, 35.125
32.5, 35.375, 35.5625, 35.125
32.4375, 35.375, 35.5625, 35.125
32.5, 35.3125, 35.5625, 35.125
32.4375, 35.375, 35.5, 35.1875
32.4375, 35.375, 35.5, 35.1875
32.5, 35.375, 35.5, 35.1875
32.5, 35.375, 35.5, 35.1875
32.5, 35.3125, 35.5, 35.1875
32.5, 35.3125, 35.5, 35.125
32.5, 35.3125, 35.4375, 35.1875
32.5, 35.3125, 35.4375, 35.125
32.5, 35.3125, 35.4375, 35.125
32.4375, 35.3125, 35.5, 35.125
32.4375, 35.3125, 35.4375, 35.125
32.4375, 35.3125, 35.5, 35.125
32.4375, 35.375, 35.5625, 35.125
32.4375, 35.375, 35.5625, 35.1875
32.4375, 35.375, 35.5625, 35.125
32.4375, 35.375, 35.625, 35.125
32.5, 35.375, 35.5625, 35.125
32.4375, 35.3125, 35.5, 35.1875
32.5, 35.3125, 35.5625, 35.125
32.5, 35.375, 35.5625, 35.125
32.4375, 35.3125, 35.5625, 35.125
32.4375, 35.375, 35.5625, 35.125
32.4375, 35.3125, 35.625, 35.1875
32.5, 35.3125, 35.5625, 35.125
32.5, 35.3125, 35.5625, 35.1875
32.4375, 35.3125, 35.5625, 35.125
32.5, 35.375, 35.5625, 35.1875
32.4375, 35.375, 35.5625, 35.1875
32.5, 35.375, 35.5625, 35.1875
32.5, 35.375, 35.5625, 35.1875
32.5, 35.375, 35.5625, 35.1875
32.5, 35.375, 35.5625, 35.1875
32.5, 35.375, 35.5625, 35.1875
32.5, 35.375, 35.5625, 35.1875
32.5, 35.3125, 35.5, 35.1875
32.4375, 35.375, 35.5, 35.1875
32.4375, 35.375, 35.5, 35.1875
32.5, 35.3125, 35.5, 35.1875
32.4375, 35.3125, 35.5, 35.1875
32.5, 35.3125, 35.5, 35.1875
32.5, 35.3125, 35.5, 35.1875
32.4375, 35.375, 35.5625, 35.125
32.4375, 35.3125, 35.5625, 35.1875
32.4375, 35.3125, 35.5625, 35.1875
32.4375, 35.3125, 35.5625, 35.1875
32.4375, 35.375, 35.5625, 35.125
32.5, 35.375, 35.5625, 35.125
32.4375, 35.3125, 35.5625, 35.125
32.4375, 35.3125, 35.5625, 35.125
32.4375, 35.375, 35.5625, 35.125
32.4375, 35.3125, 35.5625, 35.1875
32.5, 35.375, 35.5625, 35.125
32.5, 35.3125, 35.5625, 35.125
32.4375, 35.375, 35.5625, 35.125
32.5, 35.375, 35.625, 35.1875
32.5, 35.375, 35.625, 35.1875
32.5, 35.375, 35.5625, 35.125
32.5, 35.375, 35.5625, 35.125
32.5, 35.375, 35.5, 35.1875
32.5, 35.375, 35.5625, 35.1875
32.5, 35.375, 35.5, 35.1875
32.5, 35.375, 35.5625, 35.1875
32.5, 35.375, 35.5625, 35.1875
32.5, 35.375, 35.5, 35.1875
32.5, 35.375, 35.5, 35.1875
32.5, 35.375, 35.5625, 35.25
32.5, 35.375, 35.5625, 35.25
32.5, 35.375, 35.625, 35.1875
32.5, 35.375, 35.5625, 35.1875
32.5, 35.375, 35.5625, 35.1875
32.5, 35.375, 35.5, 35.1875
32.5, 35.375, 35.5, 35.1875
32.5, 35.375, 35.5, 35.1875
32.5, 35.3125, 35.5, 35.1875
32.5, 35.375, 35.5, 35.1875
32.5, 35.3125, 35.5625, 35.1875
32.5, 35.375, 35.5, 35.1875
32.5, 35.375, 35.5625, 35.1875
32.5, 35.3125, 35.5, 35.25
32.5, 35.375, 35.5625, 35.1875
32.5, 35.3125, 35.625, 35.1875
32.5, 35.375, 35.5625, 35.1875
32.4375, 35.375, 35.5625, 35.1875
32.5, 35.375, 35.5625, 35.1875
32.5625, 35.375, 35.5625, 35.1875
32.5, 35.375, 35.5625, 35.25
32.5, 35.375, 35.5625, 35.1875
32.5, 35.375, 35.5625, 35.1875
32.5, 35.375, 35.5625, 35.1875
32.5, 35.3125, 35.5, 35.1875
32.4375, 35.375, 35.5625, 35.1875
32.5, 35.3125, 35.5625, 35.1875
32.5, 35.3125, 35.5625, 35.25
32.5, 35.3125, 35.5, 35.25
32.5, 35.3125, 35.5, 35.1875
32.5, 35.3125, 35.5625, 35.1875
32.5, 35.375, 35.5625, 35.25
32.5, 35.375, 35.5625, 35.1875
32.5, 35.3125, 35.5, 35.1875
32.5, 35.3125, 35.5, 35.25
32.5, 35.3125, 35.5, 35.1875
32.4375, 35.375, 35.5, 35.25
32.5, 35.3125, 35.5, 35.1875
32.5, 35.3125, 35.5625, 35.25
32.5, 35.3125, 35.5625, 35.1875
32.5, 35.3125, 35.5625, 35.1875
32.5, 35.3125, 35.5, 35.1875
32.4375, 35.3125, 35.5625, 35.25
32.4375, 35.3125, 35.5625, 35.25
32.5, 35.3125, 35.5625, 35.25
32.5, 35.375, 35.5625, 35.1875
32.5, 35.375, 35.5625, 35.25
32.5, 35.375, 35.5, 35.1875
32.5, 35.3125, 35.5625, 35.25
32.5, 35.3125, 35.5625, 35.1875
32.5, 35.3125, 35.5625, 35.1875
32.5, 35.375, 35.5, 35.1875
32.5, 35.3125, 35.5625, 35.1875
32.5, 35.375, 35.5625, 35.1875
32.5, 35.375, 35.5, 35.1875
32.5, 35.375, 35.5625, 35.25
32.5, 35.375, 35.5625, 35.1875
32.5, 35.375, 35.5625, 35.25
32.5, 35.375, 35.5625, 35.25
32.5, 35.375, 35.5625, 35.1875
32.5, 35.3125, 35.5625, 35.1875
32.5, 35.375, 35.5625, 35.25
32.5625, 35.375, 35.5625, 35.25
32.5, 35.375, 35.5625, 35.1875
32.5625, 35.375, 35.5625, 35.25
32.5, 35.375, 35.5625, 35.25
32.5, 35.375, 35.5625, 35.25
32.5, 35.375, 35.5625, 35.25
32.5, 35.375, 35.5625, 35.1875
32.5, 35.375, 35.625, 35.25
32.5, 35.375, 35.5625, 35.1875
32.5, 35.4375, 35.5, 35.1875
32.5, 35.3125, 35.5, 35.25
32.5, 35.375, 35.5, 35.1875
32.5, 35.375, 35.5, 35.25
32.5, 35.375, 35.5, 35.25
32.5, 35.375, 35.5, 35.25
32.5, 35.375, 35.5625, 35.25
32.5, 35.375, 35.5625, 35.1875
32.5, 35.375, 35.5625, 35.25
32.5, 35.4375, 35.5625, 35.1875
32.5, 35.4375, 35.5625, 35.1875
32.5, 35.375, 35.5625, 35.1875
32.5, 35.375, 35.5, 35.25
32.5, 35.375, 35.5625, 35.1875
32.5, 35.375, 35.4375, 35.25
32.5, 35.375, 35.4375, 35.25
32.5, 35.3125, 35.4375, 35.25
32.5625, 35.3125, 35.4375, 35.25
32.5, 35.3125, 35.4375, 35.1875
32.5, 35.3125, 35.5, 35.25
32.5, 35.3125, 35.4375, 35.25
32.5, 35.3125, 35.4375, 35.25
32.5, 35.3125, 35.375, 35.25
32.5, 35.3125, 35.4375, 35.25
32.4375, 35.25, 35.4375, 35.25
32.5, 35.3125, 35.4375, 35.25
32.5625, 35.3125, 35.4375, 35.1875
32.5, 35.3125, 35.4375, 35.25
32.5, 35.3125, 35.5, 35.25
32.5625, 35.3125, 35.4375, 35.25
32.5, 35.3125, 35.5, 35.25
32.5, 35.3125, 35.5, 35.1875
32.4375, 35.3125, 35.5, 35.25
32.5, 35.3125, 35.5625, 35.25
32.5, 35.3125, 35.5625, 35.1875
32.5, 35.3125, 35.5625, 35.1875
32.5, 35.375, 35.5625, 35.25
32.5, 35.375, 35.5625, 35.25
32.5, 35.375, 35.625, 35.25
32.5, 35.375, 35.5625, 35.25
32.5, 35.375, 35.5625, 35.25
32.5, 35.375, 35.5, 35.25
32.5, 35.375, 35.625, 35.25
32.5, 35.375, 35.5625, 35.25
32.5, 35.375, 35.5625, 35.25
32.5, 35.375, 35.5625, 35.25
32.5, 35.375, 35.5625, 35.25
32.5, 35.3125, 35.5625, 35.25
32.5, 35.375, 35.5625, 35.25
32.5, 35.375, 35.5, 35.25
32.5, 35.375, 35.5625, 35.1875
32.5, 35.3125, 35.5, 35.25
32.5, 35.3125, 35.5, 35.1875
32.5, 35.3125, 35.5, 35.25
32.5, 35.375, 35.5, 35.25
32.5, 35.3125, 35.5, 35.25
32.5, 35.3125, 35.5, 35.25
32.5, 35.375, 35.5625, 35.25
32.5, 35.3125, 35.5, 35.25
32.5, 35.3125, 35.4375, 35.25
32.5, 35.375, 35.5, 35.25
32.5, 35.3125, 35.5, 35.25
32.5, 35.375, 35.5, 35.25
32.5, 35.3125, 35.5, 35.25
32.5, 35.3125, 35.5625, 35.25
32.5, 35.3125, 35.5, 35.25
32.5, 35.375, 35.5625, 35.25
32.5, 35.375, 35.5, 35.1875
32.5, 35.375, 35.5625, 35.25
32.5625, 35.375, 35.5, 35.25
32.5625, 35.375, 35.5, 35.25
32.5, 35.375, 35.5, 35.25
32.5, 35.375, 35.5, 35.25
32.5, 35.375, 35.5625, 35.25
32.5, 35.375, 35.5, 35.1875
32.5, 35.375, 35.5, 35.25
32.5625, 35.375, 35.5, 35.25
32.5, 35.3125, 35.5, 35.25
32.5, 35.375, 35.5, 35.25
32.5625, 35.375, 35.5625, 35.1875
32.5, 35.375, 35.5625, 35.25
32.5, 35.375, 35.625, 35.25
32.5, 35.375, 35.5625, 35.25
32.5, 35.375, 35.5625, 35.25
32.5, 35.375, 35.5625, 35.25
32.5625, 35.4375, 35.5625, 35.25
32.5, 35.375, 35.5, 35.25
32.5, 35.375, 35.5, 35.25
32.5, 35.375, 35.5, 35.25
32.5625, 35.3125, 35.5, 35.25
32.5, 35.3125, 35.5, 35.25
32.5625, 35.3125, 35.5, 35.25
32.5, 35.3125, 35.5, 35.3125
32.5, 35.375, 35.5, 35.25
32.5, 35.375, 35.5, 35.25
32.5625, 35.3125, 35.5, 35.25
32.5, 35.375, 35.5, 35.25
32.5, 35.375, 35.5625, 35.25
32.5625, 35.3125, 35.5625, 35.25
32.5625, 35.375, 35.5, 35.25
32.5, 35.375, 35.5625, 35.25
32.5, 35.375, 35.5, 35.25
32.5625, 35.375, 35.5, 35.1875
32.5625, 35.375, 35.5, 35.25
32.5625, 35.375, 35.5, 35.3125
32.5625, 35.3125, 35.5, 35.25
32.5, 35.3125, 35.5, 35.3125
32.5625, 35.3125, 35.5, 35.25
32.5625, 35.3125, 35.5, 35.25
32.5625, 35.3125, 35.5, 35.25
32.5625, 35.3125, 35.5, 35.3125
32.5625, 35.3125, 35.5, 35.25
32.5625, 35.3125, 35.5, 35.25
32.5625, 35.3125, 35.5, 35.3125
32.5625, 35.3125, 35.5, 35.3125
32.5625, 35.3125, 35.5, 35.3125
32.5625, 35.3125, 35.5, 35.3125
32.5625, 35.3125, 35.5, 35.3125
32.5, 35.3125, 35.5625, 35.25
32.5, 35.375, 35.5, 35.1875
32.5, 35.375, 35.5625, 35.25
32.5625, 35.375, 35.5625, 35.1875
32.5, 35.375, 35.5625, 35.25
32.5625, 35.375, 35.5625, 35.3125
32.5, 35.375, 35.5, 35.25
32.5, 35.375, 35.5, 35.25
32.5625, 35.375, 35.5625, 35.25
32.5, 35.375, 35.5625, 35.3125
32.5625, 35.375, 35.5625, 35.25
32.5625, 35.375, 35.5625, 35.3125
32.5, 35.3125, 35.5625, 35.3125
32.5625, 35.375, 35.5, 35.25
32.5625, 35.3125, 35.5, 35.25
32.5625, 35.375, 35.5625, 35.25
32.5625, 35.375, 35.5625, 35.25
32.5, 35.3125, 35.5, 35.25
32.5, 35.375, 35.5625, 35.25
32.5, 35.3125, 35.5625, 35.25
32.5625, 35.375, 35.5, 35.25
32.5625, 35.3125, 35.5, 35.25
32.5625, 35.375, 35.5, 35.25
32.5625, 35.375, 35.5, 35.25
32.5, 35.3125, 35.5, 35.25
32.5625, 35.3125, 35.5, 35.25
32.5625, 35.3125, 35.5, 35.3125
32.5625, 35.375, 35.5, 35.25
32.5625, 35.3125, 35.5, 35.25
32.5, 35.3125, 35.5, 35.3125
32.5625, 35.3125, 35.5, 35.3125
32.5625, 35.3125, 35.4375, 35.25
32.5625, 35.3125, 35.5, 35.3125
32.5625, 35.3125, 35.5, 35.3125
32.5, 35.375, 35.5, 35.25
32.5, 35.375, 35.5, 35.25
32.5625, 35.3125, 35.5, 35.3125
32.5, 35.3125, 35.5, 35.25
32.5, 35.3125, 35.5, 35.25
32.5, 35.375, 35.5, 35.25
32.5625, 35.375, 35.5625, 35.25
32.5, 35.375, 35.5625, 35.25
32.5625, 35.375, 35.5625, 35.25
32.5625, 35.375, 35.625, 35.3125
32.625, 35.4375, 35.625, 35.375
32.6875, 35.5, 35.625, 35.375
32.6875, 35.4375, 35.625, 35.375
32.6875, 35.5, 35.625, 35.4375
32.6875, 35.5, 35.625, 35.375
32.6875, 35.5, 35.6875, 35.3125
32.6875, 35.4375, 35.625, 35.375
32.625, 35.4375, 35.625, 35.375
32.625, 35.4375, 35.625, 35.3125
32.625, 35.4375, 35.625, 35.375
32.625, 35.4375, 35.5625, 35.3125
32.625, 35.375, 35.5625, 35.3125
32.625, 35.375, 35.625, 35.3125
32.5625, 35.4375, 35.5625, 35.3125
32.625, 35.4375, 35.625, 35.3125
32.625, 35.375, 35.5625, 35.3125
32.625, 35.375, 35.5625, 35.3125
32.5625, 35.375, 35.5625, 35.3125
32.5625, 35.375, 35.5625, 35.3125
32.625, 35.375, 35.5625, 35.25
32.5625, 35.375, 35.625, 35.3125
32.5625, 35.375, 35.625, 35.3125
32.5625, 35.375, 35.5625, 35.3125
32.5625, 35.375, 35.5625, 35.3125
32.5625, 35.375, 35.625, 35.3125
32.5625, 35.4375, 35.625, 35.25
32.5, 35.4375, 35.625, 35.25
32.5, 35.375, 35.625, 35.3125
32.5625, 35.375, 35.5625, 35.3125
32.5, 35.375, 35.5, 35.25
32.5, 35.3125, 35.5625, 35.25
32.5625, 35.375, 35.5625, 35.3125
32.5, 35.3125, 35.5625, 35.25
32.5625, 35.375, 35.5, 35.3125
32.5, 35.3125, 35.5, 35.3125
32.5625, 35.3125, 35.5, 35.3125
32.5625, 35.3125, 35.5, 35.3125
32.5, 35.3125, 35.5, 35.25
32.5625, 35.375, 35.5, 35.3125
32.5, 35.3125, 35.5, 35.3125
32.5625, 35.3125, 35.5, 35.25
32.5, 35.3125, 35.5, 35.3125
32.5, 35.3125, 35.5625, 35.25
32.5, 35.3125, 35.5, 35.25
32.5, 35.3125, 35.5, 35.3125
32.5625, 35.3125, 35.5, 35.3125
32.5625, 35.375, 35.5, 35.25
32.5, 35.3125, 35.5625, 35.25
32.5, 35.375, 35.5, 35.25
32.5, 35.3125, 35.5, 35.25
32.5, 35.3125, 35.5, 35.25
32.5, 35.3125, 35.5, 35.25
32.5625, 35.3125, 35.5, 35.25
32.5625, 35.3125, 35.4375, 35.3125
32.5, 35.3125, 35.4375, 35.25
32.5625, 35.3125, 35.4375, 35.3125
32.5625, 35.3125, 35.5, 35.3125
32.5, 35.3125, 35.5, 35.3125
32.5625, 35.3125, 35.5, 35.3125
32.5625, 35.3125, 35.5, 35.3125
32.5, 35.3125, 35.5, 35.25
32.5, 35.375, 35.5, 35.3125
32.5, 35.375, 35.5625, 35.25
32.5625, 35.375, 35.5625, 35.25
32.5625, 35.4375, 35.5625, 35.25
32.5, 35.375, 35.5625, 35.25
32.5, 35.375, 35.625, 35.3125
32.5, 35.375, 35.5625, 35.25
32.5, 35.375, 35.5625, 35.25
32.5, 35.375, 35.5625, 35.25
32.5625, 35.375, 35.5625, 35.25
32.5, 35.375, 35.5625, 35.25
32.5, 35.375, 35.5625, 35.25
32.5625, 35.375, 35.5625, 35.3125
32.5625, 35.4375, 35.5625, 35.3125
32.5625, 35.375, 35.625, 35.25
32.5625, 35.4375, 35.625, 35.3125
32.5625, 35.4375, 35.5625, 35.3125
32.5625, 35.375, 35.5625, 35.3125
32.5625, 35.4375, 35.5625, 35.3125
32.5625, 35.375, 35.5625, 35.25
32.5, 35.375, 35.5625, 35.25
32.5, 35.375, 35.5625, 35.25
32.5, 35.375, 35.625, 35.3125
32.5, 35.375, 35.5625, 35.25
32.5, 35.4375, 35.5625, 35.25
